A = [1,3,5,7;2,4,6,8]

A(1:2,1)